periods 1
begin filament
mirror NIL
1.350958915548e+00 0.000000000000e+00 8.000000000000e-01 -2.985898348142e+04
1.136498960415e+00 7.303835324508e-01 8.000000000000e-01 -2.985898348142e+04
5.612086154674e-01 1.228875453992e+00 8.000000000000e-01 -2.985898348142e+04
-1.922614995801e-01 1.337208101710e+00 8.000000000000e-01 -2.985898348142e+04
-8.846899469657e-01 1.020986625395e+00 8.000000000000e-01 -2.985898348142e+04
-1.296235587110e+00 3.806091094651e-01 8.000000000000e-01 -2.985898348142e+04
-1.296235587110e+00 -3.806091094651e-01 8.000000000000e-01 -2.985898348142e+04
-8.846899469657e-01 -1.020986625395e+00 8.000000000000e-01 -2.985898348142e+04
-1.922614995801e-01 -1.337208101710e+00 8.000000000000e-01 -2.985898348142e+04
5.612086154674e-01 -1.228875453992e+00 8.000000000000e-01 -2.985898348142e+04
1.136498960415e+00 -7.303835324508e-01 8.000000000000e-01 -2.985898348142e+04
1.350958915548e+00 0.000000000000e+00 8.000000000000e-01 0.000000000000e+00 1 Modular
1.350959142602e+00 0.000000000000e+00 -8.000000000000e-01 -2.986397581761e+04
1.136499151424e+00 7.303836552053e-01 -8.000000000000e-01 -2.986397581761e+04
5.612087097889e-01 1.228875660527e+00 -8.000000000000e-01 -2.986397581761e+04
-1.922615318932e-01 1.337208326452e+00 -8.000000000000e-01 -2.986397581761e+04
-8.846900956543e-01 1.020986796991e+00 -8.000000000000e-01 -2.986397581761e+04
-1.296235804967e+00 3.806091734335e-01 -8.000000000000e-01 -2.986397581761e+04
-1.296235804967e+00 -3.806091734335e-01 -8.000000000000e-01 -2.986397581761e+04
-8.846900956543e-01 -1.020986796991e+00 -8.000000000000e-01 -2.986397581761e+04
-1.922615318932e-01 -1.337208326452e+00 -8.000000000000e-01 -2.986397581761e+04
5.612087097889e-01 -1.228875660527e+00 -8.000000000000e-01 -2.986397581761e+04
1.136499151424e+00 -7.303836552053e-01 -8.000000000000e-01 -2.986397581761e+04
1.350959142602e+00 0.000000000000e+00 -8.000000000000e-01 0.000000000000e+00 1 Modular
1.768336010751e+00 0.000000000000e+00 0.000000000000e+00 9.611823548091e+04
1.662240030163e+00 2.212506469185e-17 -3.613297271875e-01 9.611823548091e+04
1.377636812596e+00 3.722557767227e-17 -6.079398190268e-01 9.611823548091e+04
1.004885868718e+00 4.050723276511e-17 -6.615333138227e-01 9.611823548091e+04
6.623329894774e-01 3.092812766546e-17 -5.050946556508e-01 9.611823548091e+04
4.587362936707e-01 1.152956055973e-17 -1.882920131381e-01 9.611823548091e+04
4.587362936707e-01 -1.152956055973e-17 1.882920131381e-01 9.611823548091e+04
6.623329894774e-01 -3.092812766546e-17 5.050946556508e-01 9.611823548091e+04
1.004885868718e+00 -4.050723276511e-17 6.615333138227e-01 9.611823548091e+04
1.377636812596e+00 -3.722557767227e-17 6.079398190268e-01 9.611823548091e+04
1.662240030163e+00 -2.212506469185e-17 3.613297271875e-01 9.611823548091e+04
1.768336010751e+00 0.000000000000e+00 0.000000000000e+00 0.000000000000e+00 1 Modular
1.681787486024e+00 5.464458790873e-01 0.000000000000e+00 9.611823548091e+04
1.580884212333e+00 5.136604180506e-01 -3.613297271875e-01 9.611823548091e+04
1.310210467707e+00 4.257131871686e-01 -6.079398190268e-01 9.611823548091e+04
9.557032535769e-01 3.105268108410e-01 -6.615333138227e-01 9.611823548091e+04
6.299161055998e-01 2.046721496837e-01 -5.050946556508e-01 9.611823548091e+04
4.362841413566e-01 1.417573106808e-01 -1.882920131381e-01 9.611823548091e+04
4.362841413566e-01 1.417573106808e-01 1.882920131381e-01 9.611823548091e+04
6.299161055998e-01 2.046721496837e-01 5.050946556508e-01 9.611823548091e+04
9.557032535769e-01 3.105268108410e-01 6.615333138227e-01 9.611823548091e+04
1.310210467707e+00 4.257131871686e-01 6.079398190268e-01 9.611823548091e+04
1.580884212333e+00 5.136604180506e-01 3.613297271875e-01 9.611823548091e+04
1.681787486024e+00 5.464458790873e-01 0.000000000000e+00 0.000000000000e+00 1 Modular
1.430613884463e+00 1.039401828217e+00 0.000000000000e+00 9.611823548091e+04
1.344780433132e+00 9.770401754998e-01 -3.613297271875e-01 9.611823548091e+04
1.114531593467e+00 8.097546014590e-01 -6.079398190268e-01 9.611823548091e+04
8.129697451999e-01 5.906570938694e-01 -6.615333138227e-01 9.611823548091e+04
5.358386444224e-01 3.893095633216e-01 -5.050946556508e-01 9.611823548091e+04
3.711254575162e-01 2.696384281110e-01 -1.882920131381e-01 9.611823548091e+04
3.711254575162e-01 2.696384281110e-01 1.882920131381e-01 9.611823548091e+04
5.358386444224e-01 3.893095633216e-01 5.050946556508e-01 9.611823548091e+04
8.129697451999e-01 5.906570938694e-01 6.615333138227e-01 9.611823548091e+04
1.114531593467e+00 8.097546014590e-01 6.079398190268e-01 9.611823548091e+04
1.344780433132e+00 9.770401754998e-01 3.613297271875e-01 9.611823548091e+04
1.430613884463e+00 1.039401828217e+00 0.000000000000e+00 0.000000000000e+00 1 Modular
1.039401828217e+00 1.430613884463e+00 0.000000000000e+00 9.611823548091e+04
9.770401754998e-01 1.344780433132e+00 -3.613297271875e-01 9.611823548091e+04
8.097546014590e-01 1.114531593467e+00 -6.079398190268e-01 9.611823548091e+04
5.906570938694e-01 8.129697451999e-01 -6.615333138227e-01 9.611823548091e+04
3.893095633216e-01 5.358386444224e-01 -5.050946556508e-01 9.611823548091e+04
2.696384281110e-01 3.711254575162e-01 -1.882920131381e-01 9.611823548091e+04
2.696384281110e-01 3.711254575162e-01 1.882920131381e-01 9.611823548091e+04
3.893095633216e-01 5.358386444224e-01 5.050946556508e-01 9.611823548091e+04
5.906570938694e-01 8.129697451999e-01 6.615333138227e-01 9.611823548091e+04
8.097546014590e-01 1.114531593467e+00 6.079398190268e-01 9.611823548091e+04
9.770401754998e-01 1.344780433132e+00 3.613297271875e-01 9.611823548091e+04
1.039401828217e+00 1.430613884463e+00 0.000000000000e+00 0.000000000000e+00 1 Modular
5.464458790873e-01 1.681787486024e+00 0.000000000000e+00 9.611823548091e+04
5.136604180506e-01 1.580884212333e+00 -3.613297271875e-01 9.611823548091e+04
4.257131871686e-01 1.310210467707e+00 -6.079398190268e-01 9.611823548091e+04
3.105268108410e-01 9.557032535769e-01 -6.615333138227e-01 9.611823548091e+04
2.046721496837e-01 6.299161055998e-01 -5.050946556508e-01 9.611823548091e+04
1.417573106808e-01 4.362841413566e-01 -1.882920131381e-01 9.611823548091e+04
1.417573106808e-01 4.362841413566e-01 1.882920131381e-01 9.611823548091e+04
2.046721496837e-01 6.299161055998e-01 5.050946556508e-01 9.611823548091e+04
3.105268108410e-01 9.557032535769e-01 6.615333138227e-01 9.611823548091e+04
4.257131871686e-01 1.310210467707e+00 6.079398190268e-01 9.611823548091e+04
5.136604180506e-01 1.580884212333e+00 3.613297271875e-01 9.611823548091e+04
5.464458790873e-01 1.681787486024e+00 0.000000000000e+00 0.000000000000e+00 1 Modular
1.082793517692e-16 1.768336010751e+00 0.000000000000e+00 9.611823548091e+04
1.017828466177e-16 1.662240030163e+00 -3.613297271875e-01 9.611823548091e+04
8.435592564665e-17 1.377636812596e+00 -6.079398190268e-01 9.611823548091e+04
6.153151313168e-17 1.004885868718e+00 -6.615333138227e-01 9.611823548091e+04
4.055619877666e-17 6.623329894774e-01 -5.050946556508e-01 9.611823548091e+04
2.808949668483e-17 4.587362936707e-01 -1.882920131381e-01 9.611823548091e+04
2.808949668483e-17 4.587362936707e-01 1.882920131381e-01 9.611823548091e+04
4.055619877666e-17 6.623329894774e-01 5.050946556508e-01 9.611823548091e+04
6.153151313168e-17 1.004885868718e+00 6.615333138227e-01 9.611823548091e+04
8.435592564665e-17 1.377636812596e+00 6.079398190268e-01 9.611823548091e+04
1.017828466177e-16 1.662240030163e+00 3.613297271875e-01 9.611823548091e+04
1.082793517692e-16 1.768336010751e+00 0.000000000000e+00 0.000000000000e+00 1 Modular
-5.464458790873e-01 1.681787486024e+00 0.000000000000e+00 9.611823548091e+04
-5.136604180506e-01 1.580884212333e+00 -3.613297271875e-01 9.611823548091e+04
-4.257131871686e-01 1.310210467707e+00 -6.079398190268e-01 9.611823548091e+04
-3.105268108410e-01 9.557032535769e-01 -6.615333138227e-01 9.611823548091e+04
-2.046721496837e-01 6.299161055998e-01 -5.050946556508e-01 9.611823548091e+04
-1.417573106808e-01 4.362841413566e-01 -1.882920131381e-01 9.611823548091e+04
-1.417573106808e-01 4.362841413566e-01 1.882920131381e-01 9.611823548091e+04
-2.046721496837e-01 6.299161055998e-01 5.050946556508e-01 9.611823548091e+04
-3.105268108410e-01 9.557032535769e-01 6.615333138227e-01 9.611823548091e+04
-4.257131871686e-01 1.310210467707e+00 6.079398190268e-01 9.611823548091e+04
-5.136604180506e-01 1.580884212333e+00 3.613297271875e-01 9.611823548091e+04
-5.464458790873e-01 1.681787486024e+00 0.000000000000e+00 0.000000000000e+00 1 Modular
-1.039401828217e+00 1.430613884463e+00 0.000000000000e+00 9.611823548091e+04
-9.770401754998e-01 1.344780433132e+00 -3.613297271875e-01 9.611823548091e+04
-8.097546014590e-01 1.114531593467e+00 -6.079398190268e-01 9.611823548091e+04
-5.906570938694e-01 8.129697451999e-01 -6.615333138227e-01 9.611823548091e+04
-3.893095633216e-01 5.358386444224e-01 -5.050946556508e-01 9.611823548091e+04
-2.696384281110e-01 3.711254575162e-01 -1.882920131381e-01 9.611823548091e+04
-2.696384281110e-01 3.711254575162e-01 1.882920131381e-01 9.611823548091e+04
-3.893095633216e-01 5.358386444224e-01 5.050946556508e-01 9.611823548091e+04
-5.906570938694e-01 8.129697451999e-01 6.615333138227e-01 9.611823548091e+04
-8.097546014590e-01 1.114531593467e+00 6.079398190268e-01 9.611823548091e+04
-9.770401754998e-01 1.344780433132e+00 3.613297271875e-01 9.611823548091e+04
-1.039401828217e+00 1.430613884463e+00 0.000000000000e+00 0.000000000000e+00 1 Modular
-1.430613884463e+00 1.039401828217e+00 0.000000000000e+00 9.611823548091e+04
-1.344780433132e+00 9.770401754998e-01 -3.613297271875e-01 9.611823548091e+04
-1.114531593467e+00 8.097546014590e-01 -6.079398190268e-01 9.611823548091e+04
-8.129697451999e-01 5.906570938694e-01 -6.615333138227e-01 9.611823548091e+04
-5.358386444224e-01 3.893095633216e-01 -5.050946556508e-01 9.611823548091e+04
-3.711254575162e-01 2.696384281110e-01 -1.882920131381e-01 9.611823548091e+04
-3.711254575162e-01 2.696384281110e-01 1.882920131381e-01 9.611823548091e+04
-5.358386444224e-01 3.893095633216e-01 5.050946556508e-01 9.611823548091e+04
-8.129697451999e-01 5.906570938694e-01 6.615333138227e-01 9.611823548091e+04
-1.114531593467e+00 8.097546014590e-01 6.079398190268e-01 9.611823548091e+04
-1.344780433132e+00 9.770401754998e-01 3.613297271875e-01 9.611823548091e+04
-1.430613884463e+00 1.039401828217e+00 0.000000000000e+00 0.000000000000e+00 1 Modular
-1.681787486024e+00 5.464458790873e-01 0.000000000000e+00 9.611823548091e+04
-1.580884212333e+00 5.136604180506e-01 -3.613297271875e-01 9.611823548091e+04
-1.310210467707e+00 4.257131871686e-01 -6.079398190268e-01 9.611823548091e+04
-9.557032535769e-01 3.105268108410e-01 -6.615333138227e-01 9.611823548091e+04
-6.299161055998e-01 2.046721496837e-01 -5.050946556508e-01 9.611823548091e+04
-4.362841413566e-01 1.417573106808e-01 -1.882920131381e-01 9.611823548091e+04
-4.362841413566e-01 1.417573106808e-01 1.882920131381e-01 9.611823548091e+04
-6.299161055998e-01 2.046721496837e-01 5.050946556508e-01 9.611823548091e+04
-9.557032535769e-01 3.105268108410e-01 6.615333138227e-01 9.611823548091e+04
-1.310210467707e+00 4.257131871686e-01 6.079398190268e-01 9.611823548091e+04
-1.580884212333e+00 5.136604180506e-01 3.613297271875e-01 9.611823548091e+04
-1.681787486024e+00 5.464458790873e-01 0.000000000000e+00 0.000000000000e+00 1 Modular
-1.768336010751e+00 2.165587035383e-16 0.000000000000e+00 9.611823548091e+04
-1.662240030163e+00 2.035656932353e-16 -3.613297271875e-01 9.611823548091e+04
-1.377636812596e+00 1.687118512933e-16 -6.079398190268e-01 9.611823548091e+04
-1.004885868718e+00 1.230630262634e-16 -6.615333138227e-01 9.611823548091e+04
-6.623329894774e-01 8.111239755332e-17 -5.050946556508e-01 9.611823548091e+04
-4.587362936707e-01 5.617899336966e-17 -1.882920131381e-01 9.611823548091e+04
-4.587362936707e-01 5.617899336966e-17 1.882920131381e-01 9.611823548091e+04
-6.623329894774e-01 8.111239755332e-17 5.050946556508e-01 9.611823548091e+04
-1.004885868718e+00 1.230630262634e-16 6.615333138227e-01 9.611823548091e+04
-1.377636812596e+00 1.687118512933e-16 6.079398190268e-01 9.611823548091e+04
-1.662240030163e+00 2.035656932353e-16 3.613297271875e-01 9.611823548091e+04
-1.768336010751e+00 2.165587035383e-16 0.000000000000e+00 0.000000000000e+00 1 Modular
-1.681787486024e+00 -5.464458790873e-01 0.000000000000e+00 9.611823548091e+04
-1.580884212333e+00 -5.136604180506e-01 -3.613297271875e-01 9.611823548091e+04
-1.310210467707e+00 -4.257131871686e-01 -6.079398190268e-01 9.611823548091e+04
-9.557032535769e-01 -3.105268108410e-01 -6.615333138227e-01 9.611823548091e+04
-6.299161055998e-01 -2.046721496837e-01 -5.050946556508e-01 9.611823548091e+04
-4.362841413566e-01 -1.417573106808e-01 -1.882920131381e-01 9.611823548091e+04
-4.362841413566e-01 -1.417573106808e-01 1.882920131381e-01 9.611823548091e+04
-6.299161055998e-01 -2.046721496837e-01 5.050946556508e-01 9.611823548091e+04
-9.557032535769e-01 -3.105268108410e-01 6.615333138227e-01 9.611823548091e+04
-1.310210467707e+00 -4.257131871686e-01 6.079398190268e-01 9.611823548091e+04
-1.580884212333e+00 -5.136604180506e-01 3.613297271875e-01 9.611823548091e+04
-1.681787486024e+00 -5.464458790873e-01 0.000000000000e+00 0.000000000000e+00 1 Modular
-1.430613884463e+00 -1.039401828217e+00 0.000000000000e+00 9.611823548091e+04
-1.344780433132e+00 -9.770401754998e-01 -3.613297271875e-01 9.611823548091e+04
-1.114531593467e+00 -8.097546014590e-01 -6.079398190268e-01 9.611823548091e+04
-8.129697451999e-01 -5.906570938694e-01 -6.615333138227e-01 9.611823548091e+04
-5.358386444224e-01 -3.893095633216e-01 -5.050946556508e-01 9.611823548091e+04
-3.711254575162e-01 -2.696384281110e-01 -1.882920131381e-01 9.611823548091e+04
-3.711254575162e-01 -2.696384281110e-01 1.882920131381e-01 9.611823548091e+04
-5.358386444224e-01 -3.893095633216e-01 5.050946556508e-01 9.611823548091e+04
-8.129697451999e-01 -5.906570938694e-01 6.615333138227e-01 9.611823548091e+04
-1.114531593467e+00 -8.097546014590e-01 6.079398190268e-01 9.611823548091e+04
-1.344780433132e+00 -9.770401754998e-01 3.613297271875e-01 9.611823548091e+04
-1.430613884463e+00 -1.039401828217e+00 0.000000000000e+00 0.000000000000e+00 1 Modular
-1.039401828217e+00 -1.430613884463e+00 0.000000000000e+00 9.611823548091e+04
-9.770401754998e-01 -1.344780433132e+00 -3.613297271875e-01 9.611823548091e+04
-8.097546014590e-01 -1.114531593467e+00 -6.079398190268e-01 9.611823548091e+04
-5.906570938694e-01 -8.129697451999e-01 -6.615333138227e-01 9.611823548091e+04
-3.893095633216e-01 -5.358386444224e-01 -5.050946556508e-01 9.611823548091e+04
-2.696384281110e-01 -3.711254575162e-01 -1.882920131381e-01 9.611823548091e+04
-2.696384281110e-01 -3.711254575162e-01 1.882920131381e-01 9.611823548091e+04
-3.893095633216e-01 -5.358386444224e-01 5.050946556508e-01 9.611823548091e+04
-5.906570938694e-01 -8.129697451999e-01 6.615333138227e-01 9.611823548091e+04
-8.097546014590e-01 -1.114531593467e+00 6.079398190268e-01 9.611823548091e+04
-9.770401754998e-01 -1.344780433132e+00 3.613297271875e-01 9.611823548091e+04
-1.039401828217e+00 -1.430613884463e+00 0.000000000000e+00 0.000000000000e+00 1 Modular
-5.464458790873e-01 -1.681787486024e+00 0.000000000000e+00 9.611823548091e+04
-5.136604180506e-01 -1.580884212333e+00 -3.613297271875e-01 9.611823548091e+04
-4.257131871686e-01 -1.310210467707e+00 -6.079398190268e-01 9.611823548091e+04
-3.105268108410e-01 -9.557032535769e-01 -6.615333138227e-01 9.611823548091e+04
-2.046721496837e-01 -6.299161055998e-01 -5.050946556508e-01 9.611823548091e+04
-1.417573106808e-01 -4.362841413566e-01 -1.882920131381e-01 9.611823548091e+04
-1.417573106808e-01 -4.362841413566e-01 1.882920131381e-01 9.611823548091e+04
-2.046721496837e-01 -6.299161055998e-01 5.050946556508e-01 9.611823548091e+04
-3.105268108410e-01 -9.557032535769e-01 6.615333138227e-01 9.611823548091e+04
-4.257131871686e-01 -1.310210467707e+00 6.079398190268e-01 9.611823548091e+04
-5.136604180506e-01 -1.580884212333e+00 3.613297271875e-01 9.611823548091e+04
-5.464458790873e-01 -1.681787486024e+00 0.000000000000e+00 0.000000000000e+00 1 Modular
-2.843701191128e-16 -1.768336010751e+00 0.000000000000e+00 9.611823548091e+04
-2.673085841704e-16 -1.662240030163e+00 -3.613297271875e-01 9.611823548091e+04
-2.215408961364e-16 -1.377636812596e+00 -6.079398190268e-01 9.611823548091e+04
-1.615979725825e-16 -1.004885868718e+00 -6.615333138227e-01 9.611823548091e+04
-1.065112682007e-16 -6.623329894774e-01 -5.050946556508e-01 9.611823548091e+04
-7.377042240806e-17 -4.587362936707e-01 -1.882920131381e-01 9.611823548091e+04
-7.377042240806e-17 -4.587362936707e-01 1.882920131381e-01 9.611823548091e+04
-1.065112682007e-16 -6.623329894774e-01 5.050946556508e-01 9.611823548091e+04
-1.615979725825e-16 -1.004885868718e+00 6.615333138227e-01 9.611823548091e+04
-2.215408961364e-16 -1.377636812596e+00 6.079398190268e-01 9.611823548091e+04
-2.673085841704e-16 -1.662240030163e+00 3.613297271875e-01 9.611823548091e+04
-2.843701191128e-16 -1.768336010751e+00 0.000000000000e+00 0.000000000000e+00 1 Modular
5.464458790873e-01 -1.681787486024e+00 0.000000000000e+00 9.611823548091e+04
5.136604180506e-01 -1.580884212333e+00 -3.613297271875e-01 9.611823548091e+04
4.257131871686e-01 -1.310210467707e+00 -6.079398190268e-01 9.611823548091e+04
3.105268108410e-01 -9.557032535769e-01 -6.615333138227e-01 9.611823548091e+04
2.046721496837e-01 -6.299161055998e-01 -5.050946556508e-01 9.611823548091e+04
1.417573106808e-01 -4.362841413566e-01 -1.882920131381e-01 9.611823548091e+04
1.417573106808e-01 -4.362841413566e-01 1.882920131381e-01 9.611823548091e+04
2.046721496837e-01 -6.299161055998e-01 5.050946556508e-01 9.611823548091e+04
3.105268108410e-01 -9.557032535769e-01 6.615333138227e-01 9.611823548091e+04
4.257131871686e-01 -1.310210467707e+00 6.079398190268e-01 9.611823548091e+04
5.136604180506e-01 -1.580884212333e+00 3.613297271875e-01 9.611823548091e+04
5.464458790873e-01 -1.681787486024e+00 0.000000000000e+00 0.000000000000e+00 1 Modular
1.039401828217e+00 -1.430613884463e+00 0.000000000000e+00 9.611823548091e+04
9.770401754998e-01 -1.344780433132e+00 -3.613297271875e-01 9.611823548091e+04
8.097546014590e-01 -1.114531593467e+00 -6.079398190268e-01 9.611823548091e+04
5.906570938694e-01 -8.129697451999e-01 -6.615333138227e-01 9.611823548091e+04
3.893095633216e-01 -5.358386444224e-01 -5.050946556508e-01 9.611823548091e+04
2.696384281110e-01 -3.711254575162e-01 -1.882920131381e-01 9.611823548091e+04
2.696384281110e-01 -3.711254575162e-01 1.882920131381e-01 9.611823548091e+04
3.893095633216e-01 -5.358386444224e-01 5.050946556508e-01 9.611823548091e+04
5.906570938694e-01 -8.129697451999e-01 6.615333138227e-01 9.611823548091e+04
8.097546014590e-01 -1.114531593467e+00 6.079398190268e-01 9.611823548091e+04
9.770401754998e-01 -1.344780433132e+00 3.613297271875e-01 9.611823548091e+04
1.039401828217e+00 -1.430613884463e+00 0.000000000000e+00 0.000000000000e+00 1 Modular
1.430613884463e+00 -1.039401828217e+00 0.000000000000e+00 9.611823548091e+04
1.344780433132e+00 -9.770401754998e-01 -3.613297271875e-01 9.611823548091e+04
1.114531593467e+00 -8.097546014590e-01 -6.079398190268e-01 9.611823548091e+04
8.129697451999e-01 -5.906570938694e-01 -6.615333138227e-01 9.611823548091e+04
5.358386444224e-01 -3.893095633216e-01 -5.050946556508e-01 9.611823548091e+04
3.711254575162e-01 -2.696384281110e-01 -1.882920131381e-01 9.611823548091e+04
3.711254575162e-01 -2.696384281110e-01 1.882920131381e-01 9.611823548091e+04
5.358386444224e-01 -3.893095633216e-01 5.050946556508e-01 9.611823548091e+04
8.129697451999e-01 -5.906570938694e-01 6.615333138227e-01 9.611823548091e+04
1.114531593467e+00 -8.097546014590e-01 6.079398190268e-01 9.611823548091e+04
1.344780433132e+00 -9.770401754998e-01 3.613297271875e-01 9.611823548091e+04
1.430613884463e+00 -1.039401828217e+00 0.000000000000e+00 0.000000000000e+00 1 Modular
1.681787486024e+00 -5.464458790873e-01 0.000000000000e+00 9.611823548091e+04
1.580884212333e+00 -5.136604180506e-01 -3.613297271875e-01 9.611823548091e+04
1.310210467707e+00 -4.257131871686e-01 -6.079398190268e-01 9.611823548091e+04
9.557032535769e-01 -3.105268108410e-01 -6.615333138227e-01 9.611823548091e+04
6.299161055998e-01 -2.046721496837e-01 -5.050946556508e-01 9.611823548091e+04
4.362841413566e-01 -1.417573106808e-01 -1.882920131381e-01 9.611823548091e+04
4.362841413566e-01 -1.417573106808e-01 1.882920131381e-01 9.611823548091e+04
6.299161055998e-01 -2.046721496837e-01 5.050946556508e-01 9.611823548091e+04
9.557032535769e-01 -3.105268108410e-01 6.615333138227e-01 9.611823548091e+04
1.310210467707e+00 -4.257131871686e-01 6.079398190268e-01 9.611823548091e+04
1.580884212333e+00 -5.136604180506e-01 3.613297271875e-01 9.611823548091e+04
1.681787486024e+00 -5.464458790873e-01 0.000000000000e+00 0.000000000000e+00 1 Modular
1.219205986462e+00 0.000000000000e+00 3.789835397984e-05 -2.100000000000e+03
1.212004485116e+00 1.295621769609e-01 1.818352297060e-02 -2.100000000000e+03
1.189715296792e+00 2.572992312366e-01 3.692140529550e-02 -2.100000000000e+03
1.151198152353e+00 3.808357292578e-01 5.595040760037e-02 -2.100000000000e+03
1.096618589785e+00 4.976047235914e-01 7.447889074844e-02 -2.100000000000e+03
1.027774164409e+00 6.056100307694e-01 9.231554444361e-02 -2.100000000000e+03
9.468671324615e-01 7.034663806899e-01 1.100031702388e-01 -2.100000000000e+03
8.555166713992e-01 7.897761286981e-01 1.277619625948e-01 -2.100000000000e+03
7.551326651505e-01 8.629930920293e-01 1.448080597177e-01 -2.100000000000e+03
6.477427033143e-01 9.221664267118e-01 1.601184196881e-01 -2.100000000000e+03
5.359108528247e-01 9.674836211299e-01 1.735809059463e-01 -2.100000000000e+03
4.218760521882e-01 9.996278127112e-01 1.858207172361e-01 -2.100000000000e+03
3.071278691688e-01 1.018563189057e+00 1.968673585550e-01 -2.100000000000e+03
1.929250486880e-01 1.023183593691e+00 2.055507733417e-01 -2.100000000000e+03
8.102056342699e-02 1.012234772967e+00 2.105202893518e-01 -2.100000000000e+03
-2.624593037040e-02 9.855790828873e-01 2.114160585160e-01 -2.100000000000e+03
-1.265242367426e-01 9.448435278769e-01 2.084596221719e-01 -2.100000000000e+03
-2.182365129625e-01 8.932895987210e-01 2.011183686814e-01 -2.100000000000e+03
-3.011410656429e-01 8.350560889368e-01 1.881424386002e-01 -2.100000000000e+03
-3.762938879818e-01 7.738394537192e-01 1.695588380398e-01 -2.100000000000e+03
-4.451769108020e-01 7.114949429995e-01 1.482326894100e-01 -2.100000000000e+03
-5.084564709719e-01 6.476296144660e-01 1.285544399041e-01 -2.100000000000e+03
-5.654785782313e-01 5.807377198338e-01 1.131517828630e-01 -2.100000000000e+03
-6.150578975922e-01 5.099243917423e-01 1.010771387004e-01 -2.100000000000e+03
-6.566883848628e-01 4.356310074285e-01 8.932612853189e-02 -2.100000000000e+03
-6.908195918600e-01 3.589688271599e-01 7.577186703618e-02 -2.100000000000e+03
-7.180695935653e-01 2.807714792951e-01 6.035703409914e-02 -2.100000000000e+03
-7.385486248433e-01 2.014101456776e-01 4.392934606918e-02 -2.100000000000e+03
-7.520789274420e-01 1.211710097960e-01 2.685088563424e-02 -2.100000000000e+03
-7.587202608095e-01 4.043805540786e-02 9.072404683586e-03 -2.100000000000e+03
-7.587197938539e-01 -4.043803052019e-02 -9.068241354094e-03 -2.100000000000e+03
-7.520797581885e-01 -1.211711436415e-01 -2.686102214608e-02 -2.100000000000e+03
-7.385527663362e-01 -2.014112751072e-01 -4.394083253571e-02 -2.100000000000e+03
-7.180735969613e-01 -2.807730446579e-01 -6.034968462333e-02 -2.100000000000e+03
-6.908196156142e-01 -3.589688395032e-01 -7.575565042213e-02 -2.100000000000e+03
-6.566882461653e-01 -4.356309154199e-01 -8.933091329286e-02 -2.100000000000e+03
-6.150649475004e-01 -5.099302365906e-01 -1.010974035171e-01 -2.100000000000e+03
-5.654904034341e-01 -5.807498641335e-01 -1.131254486284e-01 -2.100000000000e+03
-5.084582756748e-01 -6.476319131467e-01 -1.284222770612e-01 -2.100000000000e+03
-4.451566737705e-01 -7.114625995755e-01 -1.480154696228e-01 -2.100000000000e+03
-3.762568768340e-01 -7.737633411718e-01 -1.693527294642e-01 -2.100000000000e+03
-3.011049438598e-01 -8.349559242022e-01 -1.880291222744e-01 -2.100000000000e+03
-2.182140842143e-01 -8.931977929675e-01 -2.010944230223e-01 -2.100000000000e+03
-1.265154126532e-01 -9.447776323303e-01 -2.084661817213e-01 -2.100000000000e+03
-2.624475280444e-02 -9.855348632935e-01 -2.114231683635e-01 -2.100000000000e+03
8.101810983605e-02 -1.012204118896e+00 -2.105560691719e-01 -2.100000000000e+03
1.929225560554e-01 -1.023170373942e+00 -2.056448364285e-01 -2.100000000000e+03
3.071321925693e-01 -1.018577527244e+00 -1.969917226211e-01 -2.100000000000e+03
4.218942523757e-01 -9.996709377324e-01 -1.859097666659e-01 -2.100000000000e+03
5.359451230133e-01 -9.675454893417e-01 -1.736034809791e-01 -2.100000000000e+03
6.477919765841e-01 -9.222365751749e-01 -1.601078879150e-01 -2.100000000000e+03
7.551975173814e-01 -8.630672075190e-01 -1.448150252596e-01 -2.100000000000e+03
8.555978322592e-01 -7.898510529070e-01 -1.277935921378e-01 -2.100000000000e+03
9.469590712639e-01 -7.035346857925e-01 -1.100222444274e-01 -2.100000000000e+03
1.027864979323e+00 -6.056635429362e-01 -9.228984982662e-02 -2.100000000000e+03
1.096698314985e+00 -4.976408999218e-01 -7.441365129916e-02 -2.100000000000e+03
1.151263791762e+00 -3.808574438793e-01 -5.587166526648e-02 -2.100000000000e+03
1.189765504063e+00 -2.573100895421e-01 -3.684463083042e-02 -2.100000000000e+03
1.212033195608e+00 -1.295652460864e-01 -1.810826009641e-02 -2.100000000000e+03
1.219205986462e+00 0.000000000000e+00 3.789835397984e-05 0.000000000000e+00 1 Modular
3.000000000000e-01 0.000000000000e+00 3.000000000000e-01 4.862121242035e+02
2.523760598494e-01 1.621922452367e-01 3.000000000000e-01 4.862121242035e+02
1.246245039006e-01 2.728895986064e-01 3.000000000000e-01 4.862121242035e+02
-4.269445148199e-02 2.969464325643e-01 3.000000000000e-01 4.862121242035e+02
-1.964582201836e-01 2.267248723063e-01 3.000000000000e-01 4.862121242035e+02
-2.878478920843e-01 8.451976705243e-02 3.000000000000e-01 4.862121242035e+02
-2.878478920843e-01 -8.451976705243e-02 3.000000000000e-01 4.862121242035e+02
-1.964582201836e-01 -2.267248723063e-01 3.000000000000e-01 4.862121242035e+02
-4.269445148199e-02 -2.969464325643e-01 3.000000000000e-01 4.862121242035e+02
1.246245039006e-01 -2.728895986064e-01 3.000000000000e-01 4.862121242035e+02
2.523760598494e-01 -1.621922452367e-01 3.000000000000e-01 4.862121242035e+02
3.000000000000e-01 0.000000000000e+00 3.000000000000e-01 0.000000000000e+00 1 Modular
3.000000000000e-01 0.000000000000e+00 -3.000000000000e-01 5.137878757965e+02
2.523760598494e-01 1.621922452367e-01 -3.000000000000e-01 5.137878757965e+02
1.246245039006e-01 2.728895986064e-01 -3.000000000000e-01 5.137878757965e+02
-4.269445148199e-02 2.969464325643e-01 -3.000000000000e-01 5.137878757965e+02
-1.964582201836e-01 2.267248723063e-01 -3.000000000000e-01 5.137878757965e+02
-2.878478920843e-01 8.451976705243e-02 -3.000000000000e-01 5.137878757965e+02
-2.878478920843e-01 -8.451976705243e-02 -3.000000000000e-01 5.137878757965e+02
-1.964582201836e-01 -2.267248723063e-01 -3.000000000000e-01 5.137878757965e+02
-4.269445148199e-02 -2.969464325643e-01 -3.000000000000e-01 5.137878757965e+02
1.246245039006e-01 -2.728895986064e-01 -3.000000000000e-01 5.137878757965e+02
2.523760598494e-01 -1.621922452367e-01 -3.000000000000e-01 5.137878757965e+02
3.000000000000e-01 0.000000000000e+00 -3.000000000000e-01 0.000000000000e+00 1 Modular
end

